Reading input values from sample_input.txt.
Reading graph 1
0: (2, 26) (4, 38) (6, 57) (7, 16) 
1: (2, 36) (3, 28) (5, 32) (7, 19) 
2: (0, 26) (1, 36) (3, 17) (6, 40) (7, 34) 
3: (1, 28) (2, 17) (6, 52) 
4: (0, 38) (5, 35) (6, 93) (7, 37) 
5: (1, 32) (4, 35) (7, 28) 
6: (0, 57) (2, 40) (3, 52) (4, 93) 
7: (0, 16) (1, 19) (2, 34) (4, 37) (5, 28) 
The shortest path from 0 to 0 is: 0 and the total distance is : 0
The shortest path from 0 to 1 is: 0 --> 7 --> 1 and the total distance is : 35
The shortest path from 0 to 2 is: 0 --> 2 and the total distance is : 26
The shortest path from 0 to 3 is: 0 --> 2 --> 3 and the total distance is : 43
The shortest path from 0 to 4 is: 0 --> 4 and the total distance is : 38
The shortest path from 0 to 5 is: 0 --> 7 --> 5 and the total distance is : 44
The shortest path from 0 to 6 is: 0 --> 6 and the total distance is : 57
The shortest path from 0 to 7 is: 0 --> 7 and the total distance is : 16
Reading graph 2
0: (15, 57) (24, 101) (44, 64) (49, 48) (58, 99) (59, 106) (68, 118) (80, 68) (97, 77) (114, 96) (149, 96) (160, 117) (163, 93) (176, 89) (191, 107) (202, 46) (204, 54) (209, 95) (211, 84) (222, 75) (225, 23) 
1: (72, 65) (107, 74) (130, 102) (150, 109) (164, 110) (189, 95) (194, 110) (200, 95) (203, 85) (220, 104) 
2: (14, 87) (18, 74) (42, 114) (51, 50) (79, 117) (86, 59) (108, 96) (110, 117) (141, 113) 
3: (37, 85) (45, 119) (67, 97) (76, 80) (115, 98) (153, 47) (228, 76) (241, 70) 
4: (5, 111) (26, 83) (55, 64) (77, 107) (78, 25) (112, 87) (128, 47) (138, 113) (159, 101) (239, 38) (240, 113) 
5: (4, 111) (26, 33) (32, 110) (55, 111) (67, 108) (77, 55) (102, 38) (104, 115) (217, 94) (226, 114) 
6: (16, 45) (54, 112) (98, 98) (99, 110) (117, 88) (129, 53) (140, 108) (147, 79) (166, 69) (178, 70) (236, 55) 
7: (42, 116) (57, 67) (65, 92) (71, 110) (101, 105) (125, 24) (148, 21) (157, 5) (181, 57) (184, 49) (188, 109) (197, 69) (230, 61) 
8: (11, 47) (30, 39) (43, 93) (82, 72) (85, 113) (143, 74) (152, 7) (179, 95) (207, 90) (210, 106) (212, 56) (221, 118) (244, 27) (246, 97) 
9: (23, 35) (33, 82) (58, 103) (68, 96) (114, 114) (142, 109) (195, 45) 
10: (105, 110) (106, 119) (123, 8) (175, 74) (246, 99) 
11: (8, 47) (30, 86) (43, 102) (82, 36) (85, 69) (143, 87) (152, 41) (175, 99) (207, 111) (212, 97) (244, 73) (246, 66) 
12: (28, 60) (35, 60) (36, 80) (41, 63) (88, 74) (94, 82) (113, 99) (121, 85) (170, 119) (182, 63) (198, 58) (242, 84) 
13: (19, 89) (100, 25) (103, 87) (129, 108) (133, 62) (162, 116) (174, 93) (192, 81) 
14: (2, 87) (18, 73) (51, 96) (86, 91) (129, 107) (133, 66) (166, 80) 
15: (0, 57) (24, 45) (39, 90) (49, 105) (58, 104) (66, 117) (80, 82) (114, 91) (149, 42) (163, 55) (202, 87) (204, 110) (209, 45) (211, 40) (222, 77) (225, 74) 
16: (6, 45) (54, 74) (98, 116) (99, 102) (117, 51) (129, 93) (140, 79) (147, 71) (166, 114) (178, 69) (236, 73) 
17: (41, 105) (81, 57) (121, 97) (134, 101) (158, 105) (170, 77) (182, 94) (223, 113) (229, 66) 
18: (2, 74) (14, 73) (35, 116) (51, 116) (86, 28) (94, 117) (141, 64) 
19: (13, 89) (70, 68) (79, 83) (84, 35) (100, 63) (103, 53) (174, 19) (179, 87) (192, 90) (243, 93) 
20: (40, 70) (75, 28) (89, 56) (116, 20) (127, 118) (164, 60) (190, 95) (194, 93) (220, 100) (247, 77) 
21: (27, 18) (62, 74) (65, 78) (71, 37) (138, 95) (184, 116) (188, 42) (230, 82) (233, 44) (240, 82) 
22: (34, 36) (53, 70) (56, 15) (73, 48) (120, 64) (145, 93) 
23: (9, 35) (33, 60) (58, 70) (68, 74) (114, 79) (176, 117) (195, 80) (222, 96) 
24: (0, 101) (15, 45) (39, 79) (66, 84) (80, 118) (114, 103) (149, 29) (163, 50) (206, 96) (209, 28) (211, 36) (222, 98) (225, 119) 
25: (60, 34) (63, 93) (96, 88) (111, 53) (199, 77) 
26: (4, 83) (5, 33) (55, 99) (77, 38) (78, 94) (102, 41) (138, 96) (217, 119) (226, 116) (239, 114) (240, 110) 
27: (21, 18) (62, 74) (65, 72) (71, 51) (138, 78) (184, 115) (188, 39) (230, 88) (233, 48) (240, 65) 
28: (12, 60) (35, 104) (41, 109) (94, 84) (113, 54) (121, 78) (170, 109) (182, 85) (198, 7) (223, 96) (242, 25) 
29: (47, 29) (64, 107) (91, 64) (109, 94) (137, 68) (146, 81) (167, 108) (218, 25) (224, 34) (227, 102) 
30: (8, 39) (11, 86) (43, 101) (70, 108) (79, 108) (82, 109) (143, 87) (152, 45) (156, 113) (179, 65) (207, 87) (210, 91) (212, 33) (214, 112) (219, 111) (221, 114) (244, 14) 
31: (37, 94) (115, 87) (153, 107) (228, 79) (241, 78) 
32: (5, 110) (52, 79) (77, 114) (93, 74) (102, 92) (104, 100) (144, 73) (151, 114) (160, 116) (168, 54) (185, 101) (187, 45) (201, 118) (208, 111) (226, 74) (231, 57) (248, 73) 
33: (9, 82) (23, 60) (58, 91) (114, 85) (163, 106) (222, 106) 
34: (22, 36) (53, 85) (56, 43) (73, 18) (120, 90) (145, 77) 
35: (12, 60) (18, 116) (28, 104) (36, 88) (41, 106) (88, 71) (94, 62) (141, 113) (198, 106) 
36: (12, 80) (35, 88) (41, 53) (88, 18) (98, 85) (182, 90) 
37: (3, 85) (31, 94) (76, 26) (95, 93) (115, 13) (153, 38) (228, 75) (241, 61) 
38: (74, 69) (109, 92) (126, 8) (183, 82) (215, 52) 
39: (15, 90) (24, 79) (66, 55) (80, 102) (149, 53) (206, 104) (209, 106) (211, 112) 
40: (20, 70) (75, 71) (89, 103) (116, 51) (150, 70) (164, 33) (190, 36) (194, 106) (220, 31) (247, 77) 
41: (12, 63) (17, 105) (28, 109) (35, 106) (36, 53) (81, 118) (88, 63) (121, 78) (170, 99) (182, 38) (198, 103) 
42: (2, 114) (7, 116) (86, 96) (101, 96) (108, 66) (135, 50) (141, 88) (157, 114) (181, 65) (196, 91) 
43: (8, 93) (11, 102) (30, 101) (82, 85) (152, 89) (156, 101) (207, 27) (210, 57) (212, 75) (219, 94) (221, 37) (244, 102) 
44: (0, 64) (49, 21) (59, 95) (68, 119) (80, 102) (93, 67) (97, 33) (144, 97) (160, 62) (168, 104) (176, 76) (185, 109) (191, 82) (202, 59) (204, 17) (222, 113) (225, 53) (231, 103) (248, 112) 
45: (3, 119) (48, 111) (67, 62) (76, 110) (83, 29) (95, 101) (104, 114) (217, 45) (232, 93) 
46: (161, 78) (169, 68) (177, 111) (186, 76) 
47: (29, 29) (64, 104) (91, 66) (109, 75) (137, 65) (146, 90) (167, 114) (218, 29) (224, 52) 
48: (45, 111) (50, 99) (83, 87) (104, 60) (144, 114) (185, 95) (201, 38) (216, 75) (217, 117) (232, 21) (248, 100) 
49: (0, 48) (15, 105) (44, 21) (59, 82) (80, 81) (93, 87) (97, 31) (144, 102) (160, 83) (176, 86) (185, 108) (191, 96) (202, 58) (204, 25) (222, 109) (225, 33) (248, 117) 
50: (48, 99) (59, 42) (80, 101) (97, 101) (104, 117) (144, 88) (185, 59) (201, 96) (232, 116) (248, 88) 
51: (2, 50) (14, 96) (18, 116) (70, 79) (79, 69) (86, 108) (110, 114) (133, 116) (214, 107) 
52: (32, 79) (77, 105) (93, 99) (102, 101) (151, 34) (168, 63) (187, 34) (208, 31) (226, 23) (231, 63) 
53: (22, 70) (34, 85) (56, 55) (73, 103) (81, 111) (119, 76) (120, 27) (134, 108) (145, 69) (229, 93) 
54: (6, 112) (16, 74) (99, 80) (117, 89) (140, 29) (147, 70) 
55: (4, 64) (5, 111) (26, 99) (67, 85) (78, 89) (112, 45) (128, 97) (136, 101) (159, 84) (217, 118) (239, 97) 
56: (22, 15) (34, 43) (53, 55) (73, 59) (119, 119) (120, 50) (145, 85) (161, 118) 
57: (7, 67) (65, 67) (118, 80) (125, 63) (148, 60) (151, 107) (157, 67) (172, 116) (181, 117) (184, 33) (188, 101) (197, 25) (208, 110) (230, 80) 
58: (0, 99) (9, 103) (15, 104) (23, 70) (33, 91) (68, 47) (114, 19) (163, 74) (176, 68) (191, 85) (202, 67) (204, 108) (209, 95) (211, 85) (222, 27) 
59: (0, 106) (44, 95) (49, 82) (50, 42) (80, 68) (97, 64) (144, 80) (185, 61) (204, 107) (225, 83) (248, 87) 
60: (25, 34) (63, 66) (96, 56) (111, 87) (199, 48) (237, 115) 
61: (87, 51) (89, 90) (111, 67) (130, 68) (194, 74) (234, 109) 
62: (21, 74) (27, 74) (71, 109) (78, 111) (90, 86) (128, 117) (138, 94) (188, 113) (233, 31) (239, 108) (240, 74) 
63: (25, 93) (60, 66) (96, 22) (199, 18) (237, 49) 
64: (29, 107) (47, 104) (91, 43) (109, 61) (119, 68) (134, 92) (137, 39) (145, 77) (146, 43) (183, 98) (215, 111) (218, 82) (227, 84) 
65: (7, 92) (21, 78) (27, 72) (57, 67) (71, 68) (125, 105) (138, 113) (148, 71) (151, 103) (157, 88) (181, 109) (184, 47) (188, 35) (197, 93) (208, 106) (230, 50) (240, 114) 
66: (15, 117) (24, 84) (39, 55) (149, 75) (206, 51) (209, 111) 
67: (3, 97) (5, 108) (45, 62) (55, 85) (83, 73) (112, 113) (217, 45) 
68: (0, 118) (9, 96) (23, 74) (44, 119) (58, 47) (114, 67) (160, 103) (165, 107) (176, 43) (191, 49) (202, 73) (204, 103) (222, 68) 
69: (107, 56) (128, 118) (173, 52) 
70: (19, 68) (30, 108) (51, 79) (79, 15) (84, 81) (100, 113) (174, 85) (179, 65) (212, 117) (214, 107) (244, 119) 
71: (7, 110) (21, 37) (27, 51) (62, 109) (65, 68) (135, 104) (148, 91) (157, 105) (181, 88) (184, 93) (188, 38) (230, 51) (233, 77) (240, 116) 
72: (1, 65) (107, 117) (150, 82) (177, 64) (186, 93) (189, 37) (200, 81) (203, 34) (220, 103) (249, 74) 
73: (22, 48) (34, 18) (53, 103) (56, 59) (120, 107) (145, 91) 
74: (38, 69) (109, 107) (126, 77) (183, 51) (215, 46) 
75: (20, 28) (40, 71) (89, 33) (116, 27) (164, 48) (190, 103) (194, 64) (220, 96) (247, 101) 
76: (3, 80) (37, 26) (45, 110) (95, 73) (115, 36) (153, 43) (228, 94) (241, 80) 
77: (4, 107) (5, 55) (26, 38) (32, 114) (52, 105) (78, 109) (102, 27) (138, 71) (151, 117) (187, 106) (208, 118) (226, 81) (240, 90) 
78: (4, 25) (26, 94) (55, 89) (62, 111) (77, 109) (112, 108) (128, 36) (138, 99) (159, 113) (239, 20) (240, 95) 
79: (2, 117) (19, 83) (30, 108) (51, 69) (70, 15) (84, 97) (110, 116) (174, 101) (179, 74) (212, 113) (214, 92) 
80: (0, 68) (15, 82) (24, 118) (39, 102) (44, 102) (49, 81) (50, 101) (59, 68) (97, 89) (149, 96) (202, 113) (204, 104) (225, 55) 
81: (17, 57) (41, 118) (53, 111) (119, 82) (134, 45) (146, 112) (227, 75) (229, 101) 
82: (8, 72) (11, 36) (30, 109) (43, 85) (85, 43) (152, 65) (175, 119) (207, 102) (212, 108) (244, 99) (246, 92) 
83: (45, 29) (48, 87) (67, 73) (95, 119) (104, 85) (201, 92) (217, 36) (232, 68) 
84: (19, 35) (70, 81) (79, 97) (100, 95) (103, 57) (106, 119) (131, 100) (174, 27) (179, 69) (192, 100) (193, 98) (243, 72) 
85: (8, 113) (11, 69) (82, 43) (152, 106) (175, 111) (246, 96) 
86: (2, 59) (14, 91) (18, 28) (42, 96) (51, 108) (108, 115) (135, 103) (141, 56) 
87: (61, 51) (111, 111) (130, 36) (136, 103) (194, 82) (234, 83) 
88: (12, 74) (35, 71) (36, 18) (41, 63) (98, 85) (182, 97) 
89: (20, 56) (40, 103) (61, 90) (75, 33) (116, 60) (127, 106) (130, 105) (164, 74) (194, 51) 
90: (62, 86) (113, 118) (173, 69) (233, 105) (242, 101) 
91: (29, 64) (47, 66) (64, 43) (109, 61) (119, 93) (134, 95) (137, 10) (145, 119) (146, 27) (218, 40) (224, 98) (227, 69) 
92: (122, 117) (132, 79) (139, 113) (171, 89) (172, 92) (205, 116) (235, 60) 
93: (32, 74) (44, 67) (49, 87) (52, 99) (97, 75) (144, 83) (160, 43) (168, 36) (176, 105) (185, 110) (187, 76) (191, 97) (202, 115) (204, 79) (226, 111) (231, 35) (248, 96) 
94: (12, 82) (18, 117) (28, 84) (35, 62) (141, 80) (198, 90) (242, 90) 
95: (37, 93) (45, 101) (76, 73) (83, 119) (115, 94) (153, 117) (216, 117) 
96: (25, 88) (60, 56) (63, 22) (199, 15) (237, 65) 
97: (0, 77) (44, 33) (49, 31) (50, 101) (59, 64) (80, 89) (93, 75) (144, 71) (160, 87) (168, 109) (176, 109) (185, 77) (191, 115) (202, 88) (204, 49) (225, 56) (231, 109) (248, 85) 
98: (6, 98) (16, 116) (36, 85) (88, 85) (117, 114) (178, 51) (236, 44) 
99: (6, 110) (16, 102) (54, 80) (129, 107) (140, 51) (147, 31) (162, 64) 
100: (13, 25) (19, 63) (70, 113) (84, 95) (103, 65) (133, 80) (174, 68) (192, 70) 
101: (7, 105) (42, 96) (108, 54) (110, 77) (122, 50) (125, 105) (139, 39) (156, 99) (157, 108) (181, 103) (196, 31) (205, 57) (214, 106) (219, 102) 
102: (5, 38) (26, 41) (32, 92) (52, 101) (77, 27) (138, 98) (187, 93) (226, 77) (240, 117) 
103: (13, 87) (19, 53) (84, 57) (100, 65) (174, 37) (192, 42) (243, 57) 
104: (5, 115) (32, 100) (45, 114) (48, 60) (50, 117) (83, 85) (144, 81) (185, 79) (201, 25) (217, 95) (232, 48) (248, 66) 
105: (10, 110) (106, 10) (123, 103) (131, 32) (143, 72) (193, 31) (243, 116) (246, 116) 
106: (10, 119) (84, 119) (105, 10) (123, 113) (131, 22) (143, 68) (179, 119) (193, 21) (243, 109) (246, 118) 
107: (1, 74) (69, 56) (72, 117) (130, 114) (173, 89) (200, 82) (203, 115) 
108: (2, 96) (42, 66) (86, 115) (101, 54) (110, 68) (122, 82) (135, 116) (139, 77) (156, 105) (181, 107) (196, 31) (205, 87) (214, 94) (219, 111) 
109: (29, 94) (38, 92) (47, 75) (64, 61) (74, 107) (91, 61) (126, 93) (137, 50) (146, 84) (183, 65) (215, 61) (218, 71) 
110: (2, 117) (51, 114) (79, 116) (101, 77) (108, 68) (122, 53) (139, 60) (156, 39) (196, 53) (205, 53) (207, 115) (210, 83) (212, 115) (214, 29) (219, 46) (221, 111) 
111: (25, 53) (60, 87) (61, 67) (87, 111) 
112: (4, 87) (55, 45) (67, 113) (78, 108) (128, 99) (136, 56) (159, 43) (234, 80) (239, 107) 
113: (12, 99) (28, 54) (90, 118) (121, 53) (158, 98) (170, 72) (182, 85) (198, 50) (223, 46) (242, 55) 
114: (0, 96) (9, 114) (15, 91) (23, 79) (24, 103) (33, 85) (58, 19) (68, 67) (163, 55) (176, 83) (191, 101) (202, 73) (204, 115) (209, 76) (211, 67) (222, 20) (225, 118) 
115: (3, 98) (31, 87) (37, 13) (76, 36) (95, 94) (153, 51) (228, 81) (241, 67) 
116: (20, 20) (40, 51) (75, 27) (89, 60) (164, 40) (190, 79) (194, 85) (220, 80) (247, 76) 
117: (6, 88) (16, 51) (54, 89) (98, 114) (140, 108) (147, 117) (167, 94) (178, 62) (236, 84) 
118: (57, 80) (124, 63) (142, 116) (151, 106) (155, 77) (165, 81) (172, 86) (180, 76) (184, 113) (197, 69) (208, 106) (213, 92) 
119: (53, 76) (56, 119) (64, 68) (81, 82) (91, 93) (120, 103) (134, 49) (137, 96) (145, 53) (146, 71) (227, 74) 
120: (22, 64) (34, 90) (53, 27) (56, 50) (73, 107) (119, 103) (145, 94) (161, 97) (229, 82) 
121: (12, 85) (17, 97) (28, 78) (41, 78) (113, 53) (158, 87) (170, 34) (182, 39) (198, 70) (223, 45) (242, 93) 
122: (92, 117) (101, 50) (108, 82) (110, 53) (139, 12) (156, 55) (196, 51) (205, 6) (207, 112) (210, 85) (214, 75) (219, 56) (221, 95) 
123: (10, 8) (105, 103) (106, 113) (175, 79) (246, 103) 
124: (118, 63) (142, 61) (155, 14) (165, 51) (171, 85) (172, 47) (180, 35) (197, 103) (213, 30) (235, 104) 
125: (7, 24) (57, 63) (65, 105) (101, 105) (148, 42) (157, 29) (172, 112) (181, 80) (184, 58) (197, 56) (230, 82) 
126: (38, 8) (74, 77) (109, 93) (183, 89) (215, 58) 
127: (20, 118) (89, 106) 
128: (4, 47) (55, 97) (62, 117) (69, 118) (78, 36) (112, 99) (136, 113) (159, 91) (173, 119) (239, 17) 
129: (6, 53) (13, 108) (14, 107) (16, 93) (99, 107) (133, 71) (147, 85) (166, 33) (178, 119) (236, 97) 
130: (1, 102) (61, 68) (87, 36) (89, 105) (107, 114) (194, 58) (234, 116) 
131: (84, 100) (105, 32) (106, 22) (143, 58) (179, 97) (193, 10) (243, 101) 
132: (92, 79) (154, 81) (171, 74) (235, 55) (238, 69) 
133: (13, 62) (14, 66) (51, 116) (100, 80) (129, 71) (166, 67) 
134: (17, 101) (53, 108) (64, 92) (81, 45) (91, 95) (119, 49) (137, 102) (145, 103) (146, 68) (227, 39) 
135: (42, 50) (71, 104) (86, 103) (108, 116) (141, 66) (181, 73) (230, 111) 
136: (55, 101) (87, 103) (112, 56) (128, 113) (159, 23) (234, 31) 
137: (29, 68) (47, 65) (64, 39) (91, 10) (109, 50) (119, 96) (134, 102) (145, 117) (146, 35) (183, 110) (215, 112) (218, 43) (224, 102) (227, 79) 
138: (4, 113) (21, 95) (26, 96) (27, 78) (62, 94) (65, 113) (77, 71) (78, 99) (102, 98) (151, 119) (188, 101) (226, 110) (233, 95) (239, 113) (240, 20) 
139: (92, 113) (101, 39) (108, 77) (110, 60) (122, 12) (156, 66) (196, 45) (205, 18) (210, 97) (214, 84) (219, 68) (221, 105) 
140: (6, 108) (16, 79) (54, 29) (99, 51) (117, 108) (147, 47) (162, 109) 
141: (2, 113) (18, 64) (35, 113) (42, 88) (86, 56) (94, 80) (135, 66) 
142: (9, 109) (118, 116) (124, 61) (154, 117) (155, 48) (165, 47) (171, 81) (172, 92) (180, 41) (195, 89) (213, 34) (235, 111) (238, 102) 
143: (8, 74) (11, 87) (30, 87) (105, 72) (106, 68) (131, 58) (152, 78) (175, 104) (179, 89) (193, 68) (212, 118) (244, 75) (246, 75) 
144: (32, 73) (44, 97) (48, 114) (49, 102) (50, 88) (59, 80) (93, 83) (97, 71) (104, 81) (168, 96) (185, 30) (187, 113) (201, 81) (204, 115) (231, 98) (232, 116) (248, 15) 
145: (22, 93) (34, 77) (53, 69) (56, 85) (64, 77) (73, 91) (91, 119) (119, 53) (120, 94) (134, 103) (137, 117) (146, 105) 
146: (29, 81) (47, 90) (64, 43) (81, 112) (91, 27) (109, 84) (119, 71) (134, 68) (137, 35) (145, 105) (218, 62) (224, 113) (227, 45) 
147: (6, 79) (16, 71) (54, 70) (99, 31) (117, 117) (129, 85) (140, 47) (162, 94) (166, 118) 
148: (7, 21) (57, 60) (65, 71) (71, 91) (125, 42) (157, 17) (181, 56) (184, 33) (188, 88) (197, 70) (230, 40) 
149: (0, 96) (15, 42) (24, 29) (39, 53) (66, 75) (80, 96) (163, 74) (206, 102) (209, 53) (211, 58) (222, 114) (225, 109) 
150: (1, 109) (40, 70) (72, 82) (164, 91) (169, 66) (177, 84) (186, 80) (189, 60) (190, 61) (203, 113) (220, 41) 
151: (32, 114) (52, 34) (57, 107) (65, 103) (77, 117) (118, 106) (138, 119) (168, 92) (187, 68) (208, 3) (226, 47) (231, 92) 
152: (8, 7) (11, 41) (30, 45) (43, 89) (82, 65) (85, 106) (143, 78) (179, 102) (207, 87) (210, 106) (212, 58) (221, 116) (244, 33) (246, 95) 
153: (3, 47) (31, 107) (37, 38) (76, 43) (95, 117) (115, 51) (228, 55) (241, 42) 
154: (132, 81) (142, 117) (171, 80) (195, 110) (235, 92) (238, 23) (245, 40) 
155: (118, 77) (124, 14) (142, 48) (165, 50) (171, 74) (172, 49) (180, 32) (197, 116) (213, 15) (235, 96) (238, 119) 
156: (30, 113) (43, 101) (101, 99) (108, 105) (110, 39) (122, 55) (139, 66) (196, 83) (205, 50) (207, 75) (210, 44) (212, 84) (214, 34) (219, 7) (221, 72) 
157: (7, 5) (42, 114) (57, 67) (65, 88) (71, 105) (101, 108) (125, 29) (148, 17) (181, 54) (184, 47) (188, 105) (197, 71) (230, 55) 
158: (17, 105) (113, 98) (121, 87) (170, 57) (200, 71) (203, 91) (223, 52) (229, 99) (249, 57) 
159: (4, 101) (55, 84) (78, 113) (112, 43) (128, 91) (136, 23) (234, 54) (239, 104) 
160: (0, 117) (32, 116) (44, 62) (49, 83) (68, 103) (93, 43) (97, 87) (168, 68) (176, 65) (187, 107) (191, 54) (202, 86) (204, 63) (225, 113) (231, 66) 
161: (46, 78) (56, 118) (120, 97) (169, 105) (177, 72) (186, 61) (189, 107) (229, 105) (249, 118) 
162: (13, 116) (99, 64) (140, 109) (147, 94) (192, 94) 
163: (0, 93) (15, 55) (24, 50) (33, 106) (58, 74) (114, 55) (149, 74) (202, 98) (209, 22) (211, 17) (222, 54) (225, 116) 
164: (1, 110) (20, 60) (40, 33) (75, 48) (89, 74) (116, 40) (150, 91) (190, 70) (194, 72) (220, 50) (247, 99) 
165: (68, 107) (118, 81) (124, 51) (142, 47) (155, 50) (171, 116) (172, 98) (180, 17) (191, 106) (213, 50) 
166: (6, 69) (14, 80) (16, 114) (129, 33) (133, 67) (147, 118) (236, 94) 
167: (29, 108) (47, 114) (117, 94) (224, 75) 
168: (32, 54) (44, 104) (52, 63) (93, 36) (97, 109) (144, 96) (151, 92) (160, 68) (187, 40) (204, 115) (208, 88) (226, 75) (231, 2) (248, 104) 
169: (46, 68) (150, 66) (161, 105) (177, 85) (186, 56) (189, 88) (190, 93) (220, 101) 
170: (12, 119) (17, 77) (28, 109) (41, 99) (113, 72) (121, 34) (158, 57) (182, 64) (198, 102) (223, 36) (229, 109) (249, 112) 
171: (92, 89) (124, 85) (132, 74) (142, 81) (154, 80) (155, 74) (165, 116) (172, 68) (180, 101) (213, 67) (235, 31) (238, 56) (245, 115) 
172: (57, 116) (92, 92) (118, 86) (124, 47) (125, 112) (142, 92) (155, 49) (165, 98) (171, 68) (180, 81) (197, 91) (213, 59) (235, 73) 
173: (69, 52) (90, 69) (107, 89) (128, 119) 
174: (13, 93) (19, 19) (70, 85) (79, 101) (84, 27) (100, 68) (103, 37) (179, 92) (192, 78) (243, 74) 
175: (10, 74) (11, 99) (82, 119) (85, 111) (123, 79) (143, 104) (246, 35) 
176: (0, 89) (23, 117) (44, 76) (49, 86) (58, 68) (68, 43) (93, 105) (97, 109) (114, 83) (160, 65) (191, 20) (202, 42) (204, 61) (222, 72) (225, 99) 
177: (46, 111) (72, 64) (150, 84) (161, 72) (169, 85) (186, 35) (189, 35) (203, 68) (249, 78) 
178: (6, 70) (16, 69) (98, 51) (117, 62) (129, 119) (236, 28) 
179: (8, 95) (19, 87) (30, 65) (70, 65) (79, 74) (84, 69) (106, 119) (131, 97) (143, 89) (152, 102) (174, 92) (193, 102) (212, 91) (244, 70) 
180: (118, 76) (124, 35) (142, 41) (155, 32) (165, 17) (171, 101) (172, 81) (213, 33) 
181: (7, 57) (42, 65) (57, 117) (65, 109) (71, 88) (101, 103) (108, 107) (125, 80) (135, 73) (148, 56) (157, 54) (184, 87) (188, 107) (196, 116) (230, 59) 
182: (12, 63) (17, 94) (28, 85) (36, 90) (41, 38) (88, 97) (113, 85) (121, 39) (170, 64) (198, 78) (223, 84) (242, 108) 
183: (38, 82) (64, 98) (74, 51) (109, 65) (126, 89) (137, 110) (215, 30) 
184: (7, 49) (21, 116) (27, 115) (57, 33) (65, 47) (71, 93) (118, 113) (125, 58) (148, 33) (157, 47) (181, 87) (188, 75) (197, 53) (230, 46) 
185: (32, 101) (44, 109) (48, 95) (49, 108) (50, 59) (59, 61) (93, 110) (97, 77) (104, 79) (144, 30) (201, 69) (232, 102) (248, 28) 
186: (46, 76) (72, 93) (150, 80) (161, 61) (169, 56) (177, 35) (189, 57) (203, 103) (249, 111) 
187: (32, 45) (52, 34) (77, 106) (93, 76) (102, 93) (144, 113) (151, 68) (160, 107) (168, 40) (208, 65) (226, 36) (231, 42) (248, 117) 
188: (7, 109) (21, 42) (27, 39) (57, 101) (62, 113) (65, 35) (71, 38) (138, 101) (148, 88) (157, 105) (181, 107) (184, 75) (230, 51) (233, 85) (240, 95) 
189: (1, 95) (72, 37) (150, 60) (161, 107) (169, 88) (177, 35) (186, 57) (200, 113) (203, 57) (220, 94) (249, 85) 
190: (20, 95) (40, 36) (75, 103) (116, 79) (150, 61) (164, 70) (169, 93) (220, 43) (247, 66) 
191: (0, 107) (44, 82) (49, 96) (58, 85) (68, 49) (93, 97) (97, 115) (114, 101) (160, 54) (165, 106) (176, 20) (202, 62) (204, 70) (222, 92) (225, 114) (231, 119) 
192: (13, 81) (19, 90) (84, 100) (100, 70) (103, 42) (162, 94) (174, 78) (243, 78) 
193: (84, 98) (105, 31) (106, 21) (131, 10) (143, 68) (179, 102) (243, 93) 
194: (1, 110) (20, 93) (40, 106) (61, 74) (75, 64) (87, 82) (89, 51) (116, 85) (130, 58) (164, 72) (220, 115) 
195: (9, 45) (23, 80) (142, 89) (154, 110) (238, 113) (245, 92) 
196: (42, 91) (101, 31) (108, 31) (110, 53) (122, 51) (139, 45) (156, 83) (181, 116) (205, 57) (214, 82) (219, 89) 
197: (7, 69) (57, 25) (65, 93) (118, 69) (124, 103) (125, 56) (148, 70) (155, 116) (157, 71) (172, 91) (184, 53) (230, 99) 
198: (12, 58) (28, 7) (35, 106) (41, 103) (94, 90) (113, 50) (121, 70) (170, 102) (182, 78) (223, 90) (242, 30) 
199: (25, 77) (60, 48) (63, 18) (96, 15) (237, 67) 
200: (1, 95) (72, 81) (107, 82) (158, 71) (189, 113) (203, 56) (223, 99) (249, 63) 
201: (32, 118) (48, 38) (50, 96) (83, 92) (104, 25) (144, 81) (185, 69) (216, 113) (217, 111) (232, 35) (248, 66) 
202: (0, 46) (15, 87) (44, 59) (49, 58) (58, 67) (68, 73) (80, 113) (93, 115) (97, 88) (114, 73) (160, 86) (163, 98) (176, 42) (191, 62) (204, 42) (209, 109) (211, 96) (222, 54) (225, 60) 
203: (1, 85) (72, 34) (107, 115) (150, 113) (158, 91) (177, 68) (186, 103) (189, 57) (200, 56) (249, 41) 
204: (0, 54) (15, 110) (44, 17) (49, 25) (58, 108) (59, 107) (68, 103) (80, 104) (93, 79) (97, 49) (114, 115) (144, 115) (160, 63) (168, 115) (176, 61) (191, 70) (202, 42) (222, 96) (225, 50) (231, 114) 
205: (92, 116) (101, 57) (108, 87) (110, 53) (122, 6) (139, 18) (156, 50) (196, 57) (207, 106) (210, 79) (214, 73) (219, 51) (221, 88) 
206: (24, 96) (39, 104) (66, 51) (149, 102) (209, 114) 
207: (8, 90) (11, 111) (30, 87) (43, 27) (82, 102) (110, 115) (122, 112) (152, 87) (156, 75) (205, 106) (210, 31) (212, 56) (214, 101) (219, 68) (221, 29) (244, 92) 
208: (32, 111) (52, 31) (57, 110) (65, 106) (77, 118) (118, 106) (151, 3) (168, 88) (187, 65) (226, 46) (231, 88) 
209: (0, 95) (15, 45) (24, 28) (39, 106) (58, 95) (66, 111) (114, 76) (149, 53) (163, 22) (202, 109) (206, 114) (211, 12) (222, 73) (225, 116) 
210: (8, 106) (30, 91) (43, 57) (110, 83) (122, 85) (139, 97) (152, 106) (156, 44) (205, 79) (207, 31) (212, 58) (214, 70) (219, 37) (221, 36) (244, 100) 
211: (0, 84) (15, 40) (24, 36) (39, 112) (58, 85) (114, 67) (149, 58) (163, 17) (202, 96) (209, 12) (222, 61) (225, 106) 
212: (8, 56) (11, 97) (30, 33) (43, 75) (70, 117) (79, 113) (82, 108) (110, 115) (143, 118) (152, 58) (156, 84) (179, 91) (207, 56) (210, 58) (214, 90) (219, 80) (221, 83) (244, 43) 
213: (118, 92) (124, 30) (142, 34) (155, 15) (165, 50) (171, 67) (172, 59) (180, 33) (235, 93) (238, 107) 
214: (30, 112) (51, 107) (70, 107) (79, 92) (101, 106) (108, 94) (110, 29) (122, 75) (139, 84) (156, 34) (196, 82) (205, 73) (207, 101) (210, 70) (212, 90) (219, 41) (221, 104) 
215: (38, 52) (64, 111) (74, 46) (109, 61) (126, 58) (137, 112) (183, 30) 
216: (48, 75) (95, 117) (201, 113) (232, 87) 
217: (5, 94) (26, 119) (45, 45) (48, 117) (55, 118) (67, 45) (83, 36) (104, 95) (201, 111) (232, 96) 
218: (29, 25) (47, 29) (64, 82) (91, 40) (109, 71) (137, 43) (146, 62) (224, 59) (227, 91) 
219: (30, 111) (43, 94) (101, 102) (108, 111) (110, 46) (122, 56) (139, 68) (156, 7) (196, 89) (205, 51) (207, 68) (210, 37) (212, 80) (214, 41) (221, 65) 
220: (1, 104) (20, 100) (40, 31) (72, 103) (75, 96) (116, 80) (150, 41) (164, 50) (169, 101) (189, 94) (190, 43) (194, 115) (247, 103) 
221: (8, 118) (30, 114) (43, 37) (110, 111) (122, 95) (139, 105) (152, 116) (156, 72) (205, 88) (207, 29) (210, 36) (212, 83) (214, 104) (219, 65) 
222: (0, 75) (15, 77) (23, 96) (24, 98) (33, 106) (44, 113) (49, 109) (58, 27) (68, 68) (114, 20) (149, 114) (163, 54) (176, 72) (191, 92) (202, 54) (204, 96) (209, 73) (211, 61) (225, 98) 
223: (17, 113) (28, 96) (113, 46) (121, 45) (158, 52) (170, 36) (182, 84) (198, 90) (200, 99) (242, 101) (249, 108) 
224: (29, 34) (47, 52) (91, 98) (137, 102) (146, 113) (167, 75) (218, 59) 
225: (0, 23) (15, 74) (24, 119) (44, 53) (49, 33) (59, 83) (80, 55) (97, 56) (114, 118) (149, 109) (160, 113) (163, 116) (176, 99) (191, 114) (202, 60) (204, 50) (209, 116) (211, 106) (222, 98) 
226: (5, 114) (26, 116) (32, 74) (52, 23) (77, 81) (93, 111) (102, 77) (138, 110) (151, 47) (168, 75) (187, 36) (208, 46) (231, 76) 
227: (29, 102) (64, 84) (81, 75) (91, 69) (119, 74) (134, 39) (137, 79) (146, 45) (218, 91) 
228: (3, 76) (31, 79) (37, 75) (76, 94) (115, 81) (153, 55) (241, 14) 
229: (17, 66) (53, 93) (81, 101) (120, 82) (158, 99) (161, 105) (170, 109) (249, 100) 
230: (7, 61) (21, 82) (27, 88) (57, 80) (65, 50) (71, 51) (125, 82) (135, 111) (148, 40) (157, 55) (181, 59) (184, 46) (188, 51) (197, 99) 
231: (32, 57) (44, 103) (52, 63) (93, 35) (97, 109) (144, 98) (151, 92) (160, 66) (168, 2) (187, 42) (191, 119) (204, 114) (208, 88) (226, 76) (248, 106) 
232: (45, 93) (48, 21) (50, 116) (83, 68) (104, 48) (144, 116) (185, 102) (201, 35) (216, 87) (217, 96) (248, 102) 
233: (21, 44) (27, 48) (62, 31) (71, 77) (90, 105) (138, 95) (188, 85) (240, 76) 
234: (61, 109) (87, 83) (112, 80) (130, 116) (136, 31) (159, 54) 
235: (92, 60) (124, 104) (132, 55) (142, 111) (154, 92) (155, 96) (171, 31) (172, 73) (213, 93) (238, 70) 
236: (6, 55) (16, 73) (98, 44) (117, 84) (129, 97) (166, 94) (178, 28) 
237: (60, 115) (63, 49) (96, 65) (199, 67) 
238: (132, 69) (142, 102) (154, 23) (155, 119) (171, 56) (195, 113) (213, 107) (235, 70) (245, 61) 
239: (4, 38) (26, 114) (55, 97) (62, 108) (78, 20) (112, 107) (128, 17) (138, 113) (159, 104) (240, 106) 
240: (4, 113) (21, 82) (26, 110) (27, 65) (62, 74) (65, 114) (71, 116) (77, 90) (78, 95) (102, 117) (138, 20) (188, 95) (233, 76) (239, 106) 
241: (3, 70) (31, 78) (37, 61) (76, 80) (115, 67) (153, 42) (228, 14) 
242: (12, 84) (28, 25) (90, 101) (94, 90) (113, 55) (121, 93) (182, 108) (198, 30) (223, 101) 
243: (19, 93) (84, 72) (103, 57) (105, 116) (106, 109) (131, 101) (174, 74) (192, 78) (193, 93) 
244: (8, 27) (11, 73) (30, 14) (43, 102) (70, 119) (82, 99) (143, 75) (152, 33) (179, 70) (207, 92) (210, 100) (212, 43) (246, 117) 
245: (154, 40) (171, 115) (195, 92) (238, 61) 
246: (8, 97) (10, 99) (11, 66) (82, 92) (85, 96) (105, 116) (106, 118) (123, 103) (143, 75) (152, 95) (175, 35) (244, 117) 
247: (20, 77) (40, 77) (75, 101) (116, 76) (164, 99) (190, 66) (220, 103) 
248: (32, 73) (44, 112) (48, 100) (49, 117) (50, 88) (59, 87) (93, 96) (97, 85) (104, 66) (144, 15) (168, 104) (185, 28) (187, 117) (201, 66) (231, 106) (232, 102) 
249: (72, 74) (158, 57) (161, 118) (170, 112) (177, 78) (186, 111) (189, 85) (200, 63) (203, 41) (223, 108) (229, 100) 
The shortest path from 0 to 0 is: 0 and the total distance is : 0
The shortest path from 0 to 1 is: 0 --> 44 --> 93 --> 187 --> 77 --> 78 --> 128 --> 69 --> 107 --> 1 and the total distance is : 706
The shortest path from 0 to 2 is: 0 --> 44 --> 93 --> 231 --> 208 --> 65 --> 181 --> 42 --> 2 and the total distance is : 648
The shortest path from 0 to 3 is: 0 --> 97 --> 248 --> 104 --> 45 --> 3 and the total distance is : 461
The shortest path from 0 to 4 is: 0 --> 44 --> 93 --> 187 --> 77 --> 4 and the total distance is : 420
The shortest path from 0 to 5 is: 0 --> 44 --> 93 --> 32 --> 5 and the total distance is : 315
The shortest path from 0 to 6 is: 0 --> 44 --> 93 --> 231 --> 208 --> 65 --> 230 --> 135 --> 86 --> 14 --> 166 --> 6 and the total distance is : 864
The shortest path from 0 to 7 is: 0 --> 44 --> 93 --> 231 --> 208 --> 57 --> 7 and the total distance is : 431
The shortest path from 0 to 8 is: 0 --> 191 --> 165 --> 172 --> 92 --> 205 --> 210 --> 8 and the total distance is : 704
The shortest path from 0 to 9 is: 0 --> 58 --> 9 and the total distance is : 202
The shortest path from 0 to 10 is: 0 --> 191 --> 165 --> 172 --> 92 --> 205 --> 210 --> 152 --> 246 --> 10 and the total distance is : 898
The shortest path from 0 to 11 is: 0 --> 191 --> 165 --> 172 --> 92 --> 205 --> 207 --> 11 and the total distance is : 736
The shortest path from 0 to 12 is: 0 --> 44 --> 93 --> 226 --> 138 --> 62 --> 90 --> 242 --> 12 and the total distance is : 717
The shortest path from 0 to 13 is: 0 --> 191 --> 165 --> 172 --> 92 --> 205 --> 214 --> 70 --> 100 --> 13 and the total distance is : 837
The shortest path from 0 to 14 is: 0 --> 44 --> 93 --> 231 --> 208 --> 65 --> 230 --> 135 --> 86 --> 14 and the total distance is : 715
The shortest path from 0 to 15 is: 0 --> 15 and the total distance is : 57
The shortest path from 0 to 16 is: 0 --> 44 --> 93 --> 231 --> 208 --> 65 --> 230 --> 135 --> 86 --> 14 --> 166 --> 16 and the total distance is : 909
The shortest path from 0 to 17 is: 0 --> 44 --> 93 --> 226 --> 138 --> 62 --> 90 --> 113 --> 170 --> 17 and the total distance is : 799
The shortest path from 0 to 18 is: 0 --> 44 --> 93 --> 231 --> 208 --> 65 --> 230 --> 135 --> 141 --> 18 and the total distance is : 651
The shortest path from 0 to 19 is: 0 --> 191 --> 165 --> 172 --> 92 --> 205 --> 214 --> 79 --> 19 and the total distance is : 767
The shortest path from 0 to 20 is: 0 --> 44 --> 93 --> 32 --> 5 --> 55 --> 136 --> 87 --> 194 --> 75 --> 20 and the total distance is : 804
The shortest path from 0 to 21 is: 0 --> 44 --> 93 --> 231 --> 208 --> 65 --> 188 --> 21 and the total distance is : 437
The shortest path from 0 to 22 is: 0 --> 44 --> 93 --> 226 --> 138 --> 62 --> 90 --> 113 --> 170 --> 229 --> 120 --> 22 and the total distance is : 977
The shortest path from 0 to 23 is: 0 --> 58 --> 23 and the total distance is : 169
The shortest path from 0 to 24 is: 0 --> 24 and the total distance is : 101
The shortest path from 0 to 25 is: 0 --> 44 --> 93 --> 32 --> 5 --> 55 --> 112 --> 234 --> 61 --> 111 --> 25 and the total distance is : 780
The shortest path from 0 to 26 is: 0 --> 44 --> 93 --> 32 --> 102 --> 26 and the total distance is : 338
The shortest path from 0 to 27 is: 0 --> 44 --> 93 --> 226 --> 138 --> 27 and the total distance is : 430
The shortest path from 0 to 28 is: 0 --> 44 --> 93 --> 226 --> 138 --> 62 --> 90 --> 242 --> 28 and the total distance is : 658
The shortest path from 0 to 29 is: 0 --> 44 --> 93 --> 226 --> 138 --> 62 --> 90 --> 113 --> 170 --> 17 --> 81 --> 227 --> 29 and the total distance is : 1033
The shortest path from 0 to 30 is: 0 --> 191 --> 165 --> 172 --> 92 --> 205 --> 219 --> 30 and the total distance is : 681
The shortest path from 0 to 31 is: 0 --> 97 --> 248 --> 104 --> 45 --> 76 --> 37 --> 31 and the total distance is : 572
The shortest path from 0 to 32 is: 0 --> 44 --> 93 --> 32 and the total distance is : 205
The shortest path from 0 to 33 is: 0 --> 222 --> 114 --> 33 and the total distance is : 180
The shortest path from 0 to 34 is: 0 --> 44 --> 93 --> 226 --> 138 --> 62 --> 90 --> 113 --> 170 --> 229 --> 120 --> 34 and the total distance is : 1003
The shortest path from 0 to 35 is: 0 --> 44 --> 93 --> 231 --> 208 --> 65 --> 230 --> 135 --> 141 --> 35 and the total distance is : 700
The shortest path from 0 to 36 is: 0 --> 44 --> 93 --> 231 --> 208 --> 65 --> 230 --> 135 --> 141 --> 35 --> 36 and the total distance is : 788
The shortest path from 0 to 37 is: 0 --> 97 --> 248 --> 104 --> 45 --> 76 --> 37 and the total distance is : 478
The shortest path from 0 to 38 is: 0 --> 44 --> 93 --> 226 --> 138 --> 62 --> 90 --> 113 --> 170 --> 17 --> 81 --> 146 --> 109 --> 38 and the total distance is : 1144
The shortest path from 0 to 39 is: 0 --> 15 --> 39 and the total distance is : 147
The shortest path from 0 to 40 is: 0 --> 44 --> 93 --> 32 --> 5 --> 55 --> 136 --> 87 --> 194 --> 164 --> 40 and the total distance is : 817
The shortest path from 0 to 41 is: 0 --> 44 --> 93 --> 226 --> 138 --> 62 --> 90 --> 242 --> 198 --> 41 and the total distance is : 766
The shortest path from 0 to 42 is: 0 --> 44 --> 93 --> 231 --> 208 --> 65 --> 181 --> 42 and the total distance is : 534
The shortest path from 0 to 43 is: 0 --> 191 --> 165 --> 172 --> 92 --> 205 --> 221 --> 43 and the total distance is : 644
The shortest path from 0 to 44 is: 0 --> 44 and the total distance is : 64
The shortest path from 0 to 45 is: 0 --> 97 --> 248 --> 104 --> 45 and the total distance is : 342
The shortest path from 0 to 46 is: 0 --> 44 --> 93 --> 187 --> 77 --> 78 --> 128 --> 69 --> 107 --> 72 --> 186 --> 46 and the total distance is : 918
The shortest path from 0 to 47 is: 0 --> 44 --> 93 --> 226 --> 138 --> 62 --> 90 --> 113 --> 170 --> 17 --> 81 --> 227 --> 218 --> 47 and the total distance is : 1051
The shortest path from 0 to 48 is: 0 --> 59 --> 50 --> 48 and the total distance is : 247
The shortest path from 0 to 49 is: 0 --> 49 and the total distance is : 48
The shortest path from 0 to 50 is: 0 --> 59 --> 50 and the total distance is : 148
The shortest path from 0 to 51 is: 0 --> 191 --> 165 --> 172 --> 92 --> 205 --> 110 --> 51 and the total distance is : 686
The shortest path from 0 to 52 is: 0 --> 44 --> 93 --> 231 --> 52 and the total distance is : 229
The shortest path from 0 to 53 is: 0 --> 44 --> 93 --> 226 --> 138 --> 62 --> 90 --> 113 --> 170 --> 229 --> 53 and the total distance is : 924
The shortest path from 0 to 54 is: 0 --> 44 --> 93 --> 231 --> 208 --> 65 --> 230 --> 135 --> 86 --> 14 --> 166 --> 6 --> 54 and the total distance is : 976
The shortest path from 0 to 55 is: 0 --> 44 --> 93 --> 32 --> 5 --> 55 and the total distance is : 426
The shortest path from 0 to 56 is: 0 --> 44 --> 93 --> 226 --> 138 --> 62 --> 90 --> 113 --> 170 --> 229 --> 120 --> 56 and the total distance is : 963
The shortest path from 0 to 57 is: 0 --> 44 --> 93 --> 231 --> 208 --> 57 and the total distance is : 364
The shortest path from 0 to 58 is: 0 --> 58 and the total distance is : 99
The shortest path from 0 to 59 is: 0 --> 59 and the total distance is : 106
The shortest path from 0 to 60 is: 0 --> 44 --> 93 --> 32 --> 5 --> 55 --> 112 --> 234 --> 61 --> 111 --> 60 and the total distance is : 814
The shortest path from 0 to 61 is: 0 --> 44 --> 93 --> 32 --> 5 --> 55 --> 112 --> 234 --> 61 and the total distance is : 660
The shortest path from 0 to 62 is: 0 --> 44 --> 93 --> 226 --> 138 --> 62 and the total distance is : 446
The shortest path from 0 to 63 is: 0 --> 44 --> 93 --> 32 --> 5 --> 55 --> 112 --> 234 --> 61 --> 111 --> 25 --> 63 and the total distance is : 873
The shortest path from 0 to 64 is: 0 --> 44 --> 93 --> 226 --> 138 --> 62 --> 90 --> 113 --> 170 --> 17 --> 134 --> 64 and the total distance is : 992
The shortest path from 0 to 65 is: 0 --> 44 --> 93 --> 231 --> 208 --> 65 and the total distance is : 360
The shortest path from 0 to 66 is: 0 --> 149 --> 66 and the total distance is : 171
The shortest path from 0 to 67 is: 0 --> 97 --> 248 --> 104 --> 217 --> 67 and the total distance is : 368
The shortest path from 0 to 68 is: 0 --> 68 and the total distance is : 118
The shortest path from 0 to 69 is: 0 --> 44 --> 93 --> 187 --> 77 --> 78 --> 128 --> 69 and the total distance is : 576
The shortest path from 0 to 70 is: 0 --> 191 --> 165 --> 172 --> 92 --> 205 --> 214 --> 70 and the total distance is : 699
The shortest path from 0 to 71 is: 0 --> 44 --> 93 --> 231 --> 208 --> 65 --> 71 and the total distance is : 428
The shortest path from 0 to 72 is: 0 --> 44 --> 93 --> 187 --> 77 --> 78 --> 128 --> 69 --> 107 --> 72 and the total distance is : 749
The shortest path from 0 to 73 is: 0 --> 44 --> 93 --> 226 --> 138 --> 62 --> 90 --> 113 --> 170 --> 229 --> 120 --> 73 and the total distance is : 1020
The shortest path from 0 to 74 is: 0 --> 44 --> 93 --> 226 --> 138 --> 62 --> 90 --> 113 --> 170 --> 17 --> 134 --> 64 --> 183 --> 74 and the total distance is : 1141
The shortest path from 0 to 75 is: 0 --> 44 --> 93 --> 32 --> 5 --> 55 --> 136 --> 87 --> 194 --> 75 and the total distance is : 776
The shortest path from 0 to 76 is: 0 --> 97 --> 248 --> 104 --> 45 --> 76 and the total distance is : 452
The shortest path from 0 to 77 is: 0 --> 44 --> 93 --> 187 --> 77 and the total distance is : 313
The shortest path from 0 to 78 is: 0 --> 44 --> 93 --> 187 --> 77 --> 78 and the total distance is : 422
The shortest path from 0 to 79 is: 0 --> 191 --> 165 --> 172 --> 92 --> 205 --> 214 --> 79 and the total distance is : 684
The shortest path from 0 to 80 is: 0 --> 80 and the total distance is : 68
The shortest path from 0 to 81 is: 0 --> 44 --> 93 --> 226 --> 138 --> 62 --> 90 --> 113 --> 170 --> 17 --> 81 and the total distance is : 856
The shortest path from 0 to 82 is: 0 --> 191 --> 165 --> 172 --> 92 --> 205 --> 207 --> 82 and the total distance is : 727
The shortest path from 0 to 83 is: 0 --> 97 --> 248 --> 104 --> 83 and the total distance is : 313
The shortest path from 0 to 84 is: 0 --> 191 --> 165 --> 172 --> 92 --> 205 --> 214 --> 70 --> 84 and the total distance is : 780
The shortest path from 0 to 85 is: 0 --> 191 --> 165 --> 172 --> 92 --> 205 --> 207 --> 82 --> 85 and the total distance is : 770
The shortest path from 0 to 86 is: 0 --> 44 --> 93 --> 231 --> 208 --> 65 --> 230 --> 135 --> 86 and the total distance is : 624
The shortest path from 0 to 87 is: 0 --> 44 --> 93 --> 32 --> 5 --> 55 --> 136 --> 87 and the total distance is : 630
The shortest path from 0 to 88 is: 0 --> 44 --> 93 --> 231 --> 208 --> 65 --> 230 --> 135 --> 141 --> 35 --> 88 and the total distance is : 771
The shortest path from 0 to 89 is: 0 --> 44 --> 93 --> 32 --> 5 --> 55 --> 112 --> 234 --> 61 --> 89 and the total distance is : 750
The shortest path from 0 to 90 is: 0 --> 44 --> 93 --> 226 --> 138 --> 62 --> 90 and the total distance is : 532
The shortest path from 0 to 91 is: 0 --> 44 --> 93 --> 226 --> 138 --> 62 --> 90 --> 113 --> 170 --> 17 --> 134 --> 91 and the total distance is : 995
The shortest path from 0 to 92 is: 0 --> 191 --> 165 --> 172 --> 92 and the total distance is : 403
The shortest path from 0 to 93 is: 0 --> 44 --> 93 and the total distance is : 131
The shortest path from 0 to 94 is: 0 --> 44 --> 93 --> 231 --> 208 --> 65 --> 230 --> 135 --> 141 --> 94 and the total distance is : 667
The shortest path from 0 to 95 is: 0 --> 97 --> 248 --> 104 --> 83 --> 95 and the total distance is : 432
The shortest path from 0 to 96 is: 0 --> 44 --> 93 --> 32 --> 5 --> 55 --> 112 --> 234 --> 61 --> 111 --> 25 --> 96 and the total distance is : 868
The shortest path from 0 to 97 is: 0 --> 97 and the total distance is : 77
The shortest path from 0 to 98 is: 0 --> 44 --> 93 --> 231 --> 208 --> 65 --> 230 --> 135 --> 141 --> 35 --> 88 --> 98 and the total distance is : 856
The shortest path from 0 to 99 is: 0 --> 44 --> 93 --> 231 --> 208 --> 65 --> 230 --> 135 --> 86 --> 14 --> 129 --> 99 and the total distance is : 929
The shortest path from 0 to 100 is: 0 --> 191 --> 165 --> 172 --> 92 --> 205 --> 214 --> 70 --> 100 and the total distance is : 812
The shortest path from 0 to 101 is: 0 --> 191 --> 165 --> 118 --> 197 --> 125 --> 101 and the total distance is : 524
The shortest path from 0 to 102 is: 0 --> 44 --> 93 --> 32 --> 102 and the total distance is : 297
The shortest path from 0 to 103 is: 0 --> 191 --> 165 --> 172 --> 92 --> 205 --> 214 --> 79 --> 19 --> 103 and the total distance is : 820
The shortest path from 0 to 104 is: 0 --> 97 --> 248 --> 104 and the total distance is : 228
The shortest path from 0 to 105 is: 0 --> 191 --> 165 --> 172 --> 92 --> 205 --> 219 --> 212 --> 143 --> 105 and the total distance is : 840
The shortest path from 0 to 106 is: 0 --> 191 --> 165 --> 172 --> 92 --> 205 --> 219 --> 212 --> 143 --> 106 and the total distance is : 836
The shortest path from 0 to 107 is: 0 --> 44 --> 93 --> 187 --> 77 --> 78 --> 128 --> 69 --> 107 and the total distance is : 632
The shortest path from 0 to 108 is: 0 --> 44 --> 93 --> 231 --> 208 --> 65 --> 181 --> 108 and the total distance is : 576
The shortest path from 0 to 109 is: 0 --> 44 --> 93 --> 226 --> 138 --> 62 --> 90 --> 113 --> 170 --> 17 --> 81 --> 146 --> 109 and the total distance is : 1052
The shortest path from 0 to 110 is: 0 --> 191 --> 165 --> 172 --> 92 --> 205 --> 110 and the total distance is : 572
The shortest path from 0 to 111 is: 0 --> 44 --> 93 --> 32 --> 5 --> 55 --> 112 --> 234 --> 61 --> 111 and the total distance is : 727
The shortest path from 0 to 112 is: 0 --> 44 --> 93 --> 32 --> 5 --> 55 --> 112 and the total distance is : 471
The shortest path from 0 to 113 is: 0 --> 44 --> 93 --> 226 --> 138 --> 62 --> 90 --> 113 and the total distance is : 650
The shortest path from 0 to 114 is: 0 --> 222 --> 114 and the total distance is : 95
The shortest path from 0 to 115 is: 0 --> 97 --> 248 --> 104 --> 45 --> 76 --> 115 and the total distance is : 488
The shortest path from 0 to 116 is: 0 --> 44 --> 93 --> 32 --> 5 --> 55 --> 136 --> 87 --> 194 --> 116 and the total distance is : 797
The shortest path from 0 to 117 is: 0 --> 44 --> 93 --> 231 --> 208 --> 65 --> 230 --> 135 --> 86 --> 14 --> 166 --> 6 --> 117 and the total distance is : 952
The shortest path from 0 to 118 is: 0 --> 191 --> 165 --> 118 and the total distance is : 294
The shortest path from 0 to 119 is: 0 --> 44 --> 93 --> 226 --> 138 --> 62 --> 90 --> 113 --> 170 --> 17 --> 81 --> 119 and the total distance is : 938
The shortest path from 0 to 120 is: 0 --> 44 --> 93 --> 226 --> 138 --> 62 --> 90 --> 113 --> 170 --> 229 --> 120 and the total distance is : 913
The shortest path from 0 to 121 is: 0 --> 44 --> 93 --> 226 --> 138 --> 62 --> 90 --> 113 --> 121 and the total distance is : 703
The shortest path from 0 to 122 is: 0 --> 191 --> 165 --> 172 --> 92 --> 122 and the total distance is : 520
The shortest path from 0 to 123 is: 0 --> 191 --> 165 --> 172 --> 92 --> 205 --> 210 --> 152 --> 246 --> 123 and the total distance is : 902
The shortest path from 0 to 124 is: 0 --> 191 --> 165 --> 124 and the total distance is : 264
The shortest path from 0 to 125 is: 0 --> 191 --> 165 --> 118 --> 197 --> 125 and the total distance is : 419
The shortest path from 0 to 126 is: 0 --> 44 --> 93 --> 226 --> 138 --> 62 --> 90 --> 113 --> 170 --> 17 --> 81 --> 146 --> 109 --> 126 and the total distance is : 1145
The shortest path from 0 to 127 is: 0 --> 44 --> 93 --> 32 --> 5 --> 55 --> 112 --> 234 --> 61 --> 89 --> 127 and the total distance is : 856
The shortest path from 0 to 128 is: 0 --> 44 --> 93 --> 187 --> 77 --> 78 --> 128 and the total distance is : 458
The shortest path from 0 to 129 is: 0 --> 44 --> 93 --> 231 --> 208 --> 65 --> 230 --> 135 --> 86 --> 14 --> 129 and the total distance is : 822
The shortest path from 0 to 130 is: 0 --> 44 --> 93 --> 32 --> 5 --> 55 --> 136 --> 87 --> 130 and the total distance is : 666
The shortest path from 0 to 131 is: 0 --> 191 --> 165 --> 172 --> 92 --> 205 --> 219 --> 212 --> 143 --> 131 and the total distance is : 826
The shortest path from 0 to 132 is: 0 --> 191 --> 165 --> 171 --> 132 and the total distance is : 403
The shortest path from 0 to 133 is: 0 --> 44 --> 93 --> 231 --> 208 --> 65 --> 230 --> 135 --> 86 --> 14 --> 133 and the total distance is : 781
The shortest path from 0 to 134 is: 0 --> 44 --> 93 --> 226 --> 138 --> 62 --> 90 --> 113 --> 170 --> 17 --> 134 and the total distance is : 900
The shortest path from 0 to 135 is: 0 --> 44 --> 93 --> 231 --> 208 --> 65 --> 230 --> 135 and the total distance is : 521
The shortest path from 0 to 136 is: 0 --> 44 --> 93 --> 32 --> 5 --> 55 --> 136 and the total distance is : 527
The shortest path from 0 to 137 is: 0 --> 44 --> 93 --> 226 --> 138 --> 62 --> 90 --> 113 --> 170 --> 17 --> 134 --> 137 and the total distance is : 1002
The shortest path from 0 to 138 is: 0 --> 44 --> 93 --> 226 --> 138 and the total distance is : 352
The shortest path from 0 to 139 is: 0 --> 191 --> 165 --> 172 --> 92 --> 139 and the total distance is : 516
The shortest path from 0 to 140 is: 0 --> 44 --> 93 --> 231 --> 208 --> 65 --> 230 --> 135 --> 86 --> 14 --> 129 --> 147 --> 140 and the total distance is : 954
The shortest path from 0 to 141 is: 0 --> 44 --> 93 --> 231 --> 208 --> 65 --> 230 --> 135 --> 141 and the total distance is : 587
The shortest path from 0 to 142 is: 0 --> 191 --> 165 --> 142 and the total distance is : 260
The shortest path from 0 to 143 is: 0 --> 191 --> 165 --> 172 --> 92 --> 205 --> 219 --> 212 --> 143 and the total distance is : 768
The shortest path from 0 to 144 is: 0 --> 97 --> 144 and the total distance is : 148
The shortest path from 0 to 145 is: 0 --> 44 --> 93 --> 226 --> 138 --> 62 --> 90 --> 113 --> 170 --> 17 --> 81 --> 119 --> 145 and the total distance is : 991
The shortest path from 0 to 146 is: 0 --> 44 --> 93 --> 226 --> 138 --> 62 --> 90 --> 113 --> 170 --> 17 --> 81 --> 146 and the total distance is : 968
The shortest path from 0 to 147 is: 0 --> 44 --> 93 --> 231 --> 208 --> 65 --> 230 --> 135 --> 86 --> 14 --> 129 --> 147 and the total distance is : 907
The shortest path from 0 to 148 is: 0 --> 44 --> 93 --> 231 --> 208 --> 57 --> 148 and the total distance is : 424
The shortest path from 0 to 149 is: 0 --> 149 and the total distance is : 96
The shortest path from 0 to 150 is: 0 --> 44 --> 93 --> 187 --> 77 --> 78 --> 128 --> 69 --> 107 --> 1 --> 150 and the total distance is : 815
The shortest path from 0 to 151 is: 0 --> 44 --> 93 --> 231 --> 208 --> 151 and the total distance is : 257
The shortest path from 0 to 152 is: 0 --> 191 --> 165 --> 172 --> 92 --> 205 --> 210 --> 152 and the total distance is : 704
The shortest path from 0 to 153 is: 0 --> 97 --> 248 --> 104 --> 45 --> 76 --> 153 and the total distance is : 495
The shortest path from 0 to 154 is: 0 --> 58 --> 9 --> 195 --> 154 and the total distance is : 357
The shortest path from 0 to 155 is: 0 --> 191 --> 165 --> 180 --> 155 and the total distance is : 262
The shortest path from 0 to 156 is: 0 --> 191 --> 165 --> 172 --> 92 --> 205 --> 156 and the total distance is : 569
The shortest path from 0 to 157 is: 0 --> 44 --> 93 --> 231 --> 208 --> 57 --> 157 and the total distance is : 431
The shortest path from 0 to 158 is: 0 --> 44 --> 93 --> 226 --> 138 --> 62 --> 90 --> 113 --> 158 and the total distance is : 748
The shortest path from 0 to 159 is: 0 --> 44 --> 93 --> 32 --> 5 --> 55 --> 159 and the total distance is : 510
The shortest path from 0 to 160 is: 0 --> 160 and the total distance is : 117
The shortest path from 0 to 161 is: 0 --> 44 --> 93 --> 187 --> 77 --> 78 --> 128 --> 69 --> 107 --> 72 --> 177 --> 161 and the total distance is : 885
The shortest path from 0 to 162 is: 0 --> 191 --> 165 --> 172 --> 92 --> 205 --> 214 --> 79 --> 19 --> 192 --> 162 and the total distance is : 951
The shortest path from 0 to 163 is: 0 --> 163 and the total distance is : 93
The shortest path from 0 to 164 is: 0 --> 44 --> 93 --> 32 --> 5 --> 55 --> 136 --> 87 --> 194 --> 164 and the total distance is : 784
The shortest path from 0 to 165 is: 0 --> 191 --> 165 and the total distance is : 213
The shortest path from 0 to 166 is: 0 --> 44 --> 93 --> 231 --> 208 --> 65 --> 230 --> 135 --> 86 --> 14 --> 166 and the total distance is : 795
The shortest path from 0 to 167 is: 0 --> 44 --> 93 --> 231 --> 208 --> 65 --> 230 --> 135 --> 86 --> 14 --> 166 --> 6 --> 117 --> 167 and the total distance is : 1046
The shortest path from 0 to 168 is: 0 --> 44 --> 93 --> 168 and the total distance is : 167
The shortest path from 0 to 169 is: 0 --> 44 --> 93 --> 187 --> 77 --> 78 --> 128 --> 69 --> 107 --> 72 --> 189 --> 169 and the total distance is : 874
The shortest path from 0 to 170 is: 0 --> 44 --> 93 --> 226 --> 138 --> 62 --> 90 --> 113 --> 170 and the total distance is : 722
The shortest path from 0 to 171 is: 0 --> 191 --> 165 --> 171 and the total distance is : 329
The shortest path from 0 to 172 is: 0 --> 191 --> 165 --> 172 and the total distance is : 311
The shortest path from 0 to 173 is: 0 --> 44 --> 93 --> 187 --> 77 --> 78 --> 128 --> 173 and the total distance is : 577
The shortest path from 0 to 174 is: 0 --> 191 --> 165 --> 172 --> 92 --> 205 --> 214 --> 70 --> 174 and the total distance is : 784
The shortest path from 0 to 175 is: 0 --> 191 --> 165 --> 172 --> 92 --> 205 --> 210 --> 152 --> 246 --> 175 and the total distance is : 834
The shortest path from 0 to 176 is: 0 --> 202 --> 176 and the total distance is : 88
The shortest path from 0 to 177 is: 0 --> 44 --> 93 --> 187 --> 77 --> 78 --> 128 --> 69 --> 107 --> 72 --> 177 and the total distance is : 813
The shortest path from 0 to 178 is: 0 --> 44 --> 93 --> 231 --> 208 --> 65 --> 230 --> 135 --> 141 --> 35 --> 88 --> 98 --> 178 and the total distance is : 907
The shortest path from 0 to 179 is: 0 --> 191 --> 165 --> 172 --> 92 --> 205 --> 219 --> 212 --> 179 and the total distance is : 741
The shortest path from 0 to 180 is: 0 --> 191 --> 165 --> 180 and the total distance is : 230
The shortest path from 0 to 181 is: 0 --> 44 --> 93 --> 231 --> 208 --> 65 --> 181 and the total distance is : 469
The shortest path from 0 to 182 is: 0 --> 44 --> 93 --> 226 --> 138 --> 62 --> 90 --> 113 --> 182 and the total distance is : 735
The shortest path from 0 to 183 is: 0 --> 44 --> 93 --> 226 --> 138 --> 62 --> 90 --> 113 --> 170 --> 17 --> 134 --> 64 --> 183 and the total distance is : 1090
The shortest path from 0 to 184 is: 0 --> 44 --> 93 --> 231 --> 208 --> 57 --> 184 and the total distance is : 397
The shortest path from 0 to 185 is: 0 --> 97 --> 185 and the total distance is : 154
The shortest path from 0 to 186 is: 0 --> 44 --> 93 --> 187 --> 77 --> 78 --> 128 --> 69 --> 107 --> 72 --> 186 and the total distance is : 842
The shortest path from 0 to 187 is: 0 --> 44 --> 93 --> 187 and the total distance is : 207
The shortest path from 0 to 188 is: 0 --> 44 --> 93 --> 231 --> 208 --> 65 --> 188 and the total distance is : 395
The shortest path from 0 to 189 is: 0 --> 44 --> 93 --> 187 --> 77 --> 78 --> 128 --> 69 --> 107 --> 72 --> 189 and the total distance is : 786
The shortest path from 0 to 190 is: 0 --> 44 --> 93 --> 187 --> 77 --> 78 --> 128 --> 69 --> 107 --> 1 --> 220 --> 190 and the total distance is : 853
The shortest path from 0 to 191 is: 0 --> 191 and the total distance is : 107
The shortest path from 0 to 192 is: 0 --> 191 --> 165 --> 172 --> 92 --> 205 --> 214 --> 79 --> 19 --> 192 and the total distance is : 857
The shortest path from 0 to 193 is: 0 --> 191 --> 165 --> 172 --> 92 --> 205 --> 219 --> 212 --> 143 --> 193 and the total distance is : 836
The shortest path from 0 to 194 is: 0 --> 44 --> 93 --> 32 --> 5 --> 55 --> 136 --> 87 --> 194 and the total distance is : 712
The shortest path from 0 to 195 is: 0 --> 58 --> 9 --> 195 and the total distance is : 247
The shortest path from 0 to 196 is: 0 --> 191 --> 165 --> 118 --> 197 --> 125 --> 101 --> 196 and the total distance is : 555
The shortest path from 0 to 197 is: 0 --> 191 --> 165 --> 118 --> 197 and the total distance is : 363
The shortest path from 0 to 198 is: 0 --> 44 --> 93 --> 226 --> 138 --> 62 --> 90 --> 242 --> 198 and the total distance is : 663
The shortest path from 0 to 199 is: 0 --> 44 --> 93 --> 32 --> 5 --> 55 --> 112 --> 234 --> 61 --> 111 --> 25 --> 199 and the total distance is : 857
The shortest path from 0 to 200 is: 0 --> 44 --> 93 --> 187 --> 77 --> 78 --> 128 --> 69 --> 107 --> 200 and the total distance is : 714
The shortest path from 0 to 201 is: 0 --> 97 --> 185 --> 201 and the total distance is : 223
The shortest path from 0 to 202 is: 0 --> 202 and the total distance is : 46
The shortest path from 0 to 203 is: 0 --> 44 --> 93 --> 187 --> 77 --> 78 --> 128 --> 69 --> 107 --> 203 and the total distance is : 747
The shortest path from 0 to 204 is: 0 --> 204 and the total distance is : 54
The shortest path from 0 to 205 is: 0 --> 191 --> 165 --> 172 --> 92 --> 205 and the total distance is : 519
The shortest path from 0 to 206 is: 0 --> 24 --> 206 and the total distance is : 197
The shortest path from 0 to 207 is: 0 --> 191 --> 165 --> 172 --> 92 --> 205 --> 207 and the total distance is : 625
The shortest path from 0 to 208 is: 0 --> 44 --> 93 --> 231 --> 208 and the total distance is : 254
The shortest path from 0 to 209 is: 0 --> 209 and the total distance is : 95
The shortest path from 0 to 210 is: 0 --> 191 --> 165 --> 172 --> 92 --> 205 --> 210 and the total distance is : 598
The shortest path from 0 to 211 is: 0 --> 211 and the total distance is : 84
The shortest path from 0 to 212 is: 0 --> 191 --> 165 --> 172 --> 92 --> 205 --> 219 --> 212 and the total distance is : 650
The shortest path from 0 to 213 is: 0 --> 191 --> 165 --> 213 and the total distance is : 263
The shortest path from 0 to 214 is: 0 --> 191 --> 165 --> 172 --> 92 --> 205 --> 214 and the total distance is : 592
The shortest path from 0 to 215 is: 0 --> 44 --> 93 --> 226 --> 138 --> 62 --> 90 --> 113 --> 170 --> 17 --> 134 --> 64 --> 215 and the total distance is : 1103
The shortest path from 0 to 216 is: 0 --> 59 --> 50 --> 48 --> 216 and the total distance is : 322
The shortest path from 0 to 217 is: 0 --> 97 --> 248 --> 104 --> 217 and the total distance is : 323
The shortest path from 0 to 218 is: 0 --> 44 --> 93 --> 226 --> 138 --> 62 --> 90 --> 113 --> 170 --> 17 --> 81 --> 227 --> 218 and the total distance is : 1022
The shortest path from 0 to 219 is: 0 --> 191 --> 165 --> 172 --> 92 --> 205 --> 219 and the total distance is : 570
The shortest path from 0 to 220 is: 0 --> 44 --> 93 --> 187 --> 77 --> 78 --> 128 --> 69 --> 107 --> 1 --> 220 and the total distance is : 810
The shortest path from 0 to 221 is: 0 --> 191 --> 165 --> 172 --> 92 --> 205 --> 221 and the total distance is : 607
The shortest path from 0 to 222 is: 0 --> 222 and the total distance is : 75
The shortest path from 0 to 223 is: 0 --> 44 --> 93 --> 226 --> 138 --> 62 --> 90 --> 113 --> 223 and the total distance is : 696
The shortest path from 0 to 224 is: 0 --> 44 --> 93 --> 226 --> 138 --> 62 --> 90 --> 113 --> 170 --> 17 --> 81 --> 227 --> 29 --> 224 and the total distance is : 1067
The shortest path from 0 to 225 is: 0 --> 225 and the total distance is : 23
The shortest path from 0 to 226 is: 0 --> 44 --> 93 --> 226 and the total distance is : 242
The shortest path from 0 to 227 is: 0 --> 44 --> 93 --> 226 --> 138 --> 62 --> 90 --> 113 --> 170 --> 17 --> 81 --> 227 and the total distance is : 931
The shortest path from 0 to 228 is: 0 --> 97 --> 248 --> 104 --> 45 --> 3 --> 228 and the total distance is : 537
The shortest path from 0 to 229 is: 0 --> 44 --> 93 --> 226 --> 138 --> 62 --> 90 --> 113 --> 170 --> 229 and the total distance is : 831
The shortest path from 0 to 230 is: 0 --> 44 --> 93 --> 231 --> 208 --> 65 --> 230 and the total distance is : 410
The shortest path from 0 to 231 is: 0 --> 44 --> 93 --> 231 and the total distance is : 166
The shortest path from 0 to 232 is: 0 --> 97 --> 185 --> 232 and the total distance is : 256
The shortest path from 0 to 233 is: 0 --> 44 --> 93 --> 226 --> 138 --> 233 and the total distance is : 447
The shortest path from 0 to 234 is: 0 --> 44 --> 93 --> 32 --> 5 --> 55 --> 112 --> 234 and the total distance is : 551
The shortest path from 0 to 235 is: 0 --> 191 --> 165 --> 213 --> 235 and the total distance is : 356
The shortest path from 0 to 236 is: 0 --> 44 --> 93 --> 231 --> 208 --> 65 --> 230 --> 135 --> 86 --> 14 --> 166 --> 236 and the total distance is : 889
The shortest path from 0 to 237 is: 0 --> 44 --> 93 --> 32 --> 5 --> 55 --> 112 --> 234 --> 61 --> 111 --> 25 --> 63 --> 237 and the total distance is : 922
The shortest path from 0 to 238 is: 0 --> 58 --> 9 --> 195 --> 238 and the total distance is : 360
The shortest path from 0 to 239 is: 0 --> 44 --> 93 --> 187 --> 77 --> 78 --> 239 and the total distance is : 442
The shortest path from 0 to 240 is: 0 --> 44 --> 93 --> 226 --> 138 --> 240 and the total distance is : 372
The shortest path from 0 to 241 is: 0 --> 97 --> 248 --> 104 --> 45 --> 3 --> 241 and the total distance is : 531
The shortest path from 0 to 242 is: 0 --> 44 --> 93 --> 226 --> 138 --> 62 --> 90 --> 242 and the total distance is : 633
The shortest path from 0 to 243 is: 0 --> 191 --> 165 --> 172 --> 92 --> 205 --> 214 --> 70 --> 84 --> 243 and the total distance is : 852
The shortest path from 0 to 244 is: 0 --> 191 --> 165 --> 172 --> 92 --> 205 --> 219 --> 212 --> 244 and the total distance is : 693
The shortest path from 0 to 245 is: 0 --> 58 --> 9 --> 195 --> 245 and the total distance is : 339
The shortest path from 0 to 246 is: 0 --> 191 --> 165 --> 172 --> 92 --> 205 --> 210 --> 152 --> 246 and the total distance is : 799
The shortest path from 0 to 247 is: 0 --> 44 --> 93 --> 32 --> 5 --> 55 --> 136 --> 87 --> 194 --> 116 --> 247 and the total distance is : 873
The shortest path from 0 to 248 is: 0 --> 97 --> 248 and the total distance is : 162
The shortest path from 0 to 249 is: 0 --> 44 --> 93 --> 187 --> 77 --> 78 --> 128 --> 69 --> 107 --> 200 --> 249 and the total distance is : 777
Processed 2 graphs.
Average Time (seconds): 0.01
